Timestamp,Signal
2025-09-05 15:32:37.790,-0.4758199943346107
2025-09-05 15:32:37.793,-0.8356445701718609
2025-09-05 15:32:37.797,-1.104133972582455
2025-09-05 15:32:37.801,-1.369680760171636
2025-09-05 15:32:37.804,-1.8136186873918043
2025-09-05 15:32:37.808,-1.8927351590834498
2025-09-05 15:32:37.811,-2.1109741838790836
2025-09-05 15:32:37.815,-2.2641268091519877
2025-09-05 15:32:37.818,-2.4039909241217927
2025-09-05 15:32:37.822,-2.206457382978997
2025-09-05 15:32:37.826,-2.3582473637719175
2025-09-05 15:32:37.829,-2.0621658184136393
2025-09-05 15:32:37.833,-2.0487260243782632
2025-09-05 15:32:37.836,-1.7376360410691658
2025-09-05 15:32:37.840,-1.4845219613755838
2025-09-05 15:32:37.844,-1.1764342789935482
2025-09-05 15:32:37.847,-1.0267141059371314
2025-09-05 15:32:37.851,-0.5021734025009443
2025-09-05 15:32:37.854,-0.14742320855283922
2025-09-05 15:32:37.858,0.17112573397124656
2025-09-05 15:32:37.862,0.5557329220362633
2025-09-05 15:32:37.865,0.8458243733572517
2025-09-05 15:32:37.869,1.1563923395792364
2025-09-05 15:32:37.873,1.594289978525231
2025-09-05 15:32:37.876,1.673922850074174
2025-09-05 15:32:37.880,2.0013344467950196
2025-09-05 15:32:37.883,2.114552282498926
2025-09-05 15:32:37.887,2.2734538487208225
2025-09-05 15:32:37.891,2.3647200992414743
2025-09-05 15:32:37.894,2.3172426197066667
2025-09-05 15:32:37.898,2.142855799021196
2025-09-05 15:32:37.901,2.037118425650442
2025-09-05 15:32:37.905,1.9979486689119228
2025-09-05 15:32:37.909,1.6573386185754295
2025-09-05 15:32:37.912,1.591965389823691
2025-09-05 15:32:37.916,1.1448171929878255
2025-09-05 15:32:37.919,0.9629476232754007
2025-09-05 15:32:37.923,0.5576687374604652
2025-09-05 15:32:37.926,0.2697349537542849
2025-09-05 15:32:37.930,-0.21033089119500842
2025-09-05 15:32:37.933,-0.4607988743554243
2025-09-05 15:32:37.937,-0.8816625612006548
2025-09-05 15:32:37.940,-1.2606677241466533
2025-09-05 15:32:37.944,-1.5939928401516272
2025-09-05 15:32:37.948,-1.772390642860257
2025-09-05 15:32:37.951,-1.8671746045909088
2025-09-05 15:32:37.955,-2.215256093465054
2025-09-05 15:32:37.958,-2.1600869498546467
2025-09-05 15:32:37.962,-2.308938728031346
2025-09-05 15:32:37.966,-2.270857754964193
2025-09-05 15:32:37.969,-2.269935308981985
2025-09-05 15:32:37.973,-2.100782021345952
2025-09-05 15:32:37.977,-1.9161872124075352
2025-09-05 15:32:37.980,-1.6563790290668163
2025-09-05 15:32:37.984,-1.426766235877683
2025-09-05 15:32:37.988,-1.2680064494450953
2025-09-05 15:32:37.991,-0.7643280376611779
2025-09-05 15:32:37.995,-0.3890776864400508
2025-09-05 15:32:37.998,-0.028969802872263084
2025-09-05 15:32:38.002,0.27722237544772343
2025-09-05 15:32:38.005,0.567679890590704
2025-09-05 15:32:38.009,0.9813307650492794
2025-09-05 15:32:38.013,1.2230402182922224
2025-09-05 15:32:38.023,1.9275307272878193
2025-09-05 15:32:38.027,2.188929406672541
2025-09-05 15:32:38.030,2.275377315523844
2025-09-05 15:32:38.034,2.3669993367618667
2025-09-05 15:32:38.040,2.172721243043396
2025-09-05 15:32:38.044,2.158365527261143
2025-09-05 15:32:38.048,1.904979667215183
2025-09-05 15:32:38.051,1.7302269854055203
2025-09-05 15:32:38.055,1.6117690805742624
2025-09-05 15:32:38.058,1.1203120614115791
2025-09-05 15:32:38.062,0.9652083052670548
2025-09-05 15:32:38.065,0.5640592017166377
2025-09-05 15:32:38.069,0.13042147306133178
2025-09-05 15:32:38.073,-0.16107039974713716
2025-09-05 15:32:38.076,-0.6314288368083775
2025-09-05 15:32:38.080,-0.9071359572584868
2025-09-05 15:32:38.083,-1.2631784385360614
2025-09-05 15:32:38.087,-1.5248137027456687
2025-09-05 15:32:38.091,-1.7246912796733553
2025-09-05 15:32:38.094,-1.8838711133131312
2025-09-05 15:32:38.098,-2.1756041031211475
2025-09-05 15:32:38.101,-2.211606558234907
2025-09-05 15:32:38.105,-2.222593985674836
2025-09-05 15:32:38.109,-2.3457975302061973
2025-09-05 15:32:38.112,-2.18505423264999
2025-09-05 15:32:38.116,-2.1306810473232205
2025-09-05 15:32:38.120,-2.022195291473943
2025-09-05 15:32:38.123,-1.6779276188070849
2025-09-05 15:32:38.127,-1.4397783746687527
2025-09-05 15:32:38.131,-1.153460553740076
2025-09-05 15:32:38.135,-0.7845856456773483
2025-09-05 15:32:38.138,-0.48712175626993454
2025-09-05 15:32:38.142,-0.04994071051367981
2025-09-05 15:32:38.145,0.20987255078735892
2025-09-05 15:32:38.149,0.6371456313285957
2025-09-05 15:32:38.153,0.9729358335604408
2025-09-05 15:32:38.156,1.4047209709561341
2025-09-05 15:32:38.160,1.5995759653945176
2025-09-05 15:32:38.163,1.7992230044391821
2025-09-05 15:32:38.167,1.966896511409184
2025-09-05 15:32:38.171,2.2395639028970304
2025-09-05 15:32:38.174,2.3495249651796755
2025-09-05 15:32:38.178,2.3703925411101654
2025-09-05 15:32:38.181,2.303724797858775
2025-09-05 15:32:38.185,2.2630406581470806
2025-09-05 15:32:38.189,2.0148496606175184
2025-09-05 15:32:38.192,1.95875245018995
2025-09-05 15:32:38.196,1.736687679858811
2025-09-05 15:32:38.199,1.400164050421675
2025-09-05 15:32:38.203,0.9535286889842595
2025-09-05 15:32:38.207,0.6118765530479943
2025-09-05 15:32:38.210,0.34452223358049616
2025-09-05 15:32:38.214,0.02452117185379243
2025-09-05 15:32:38.217,-0.25472018027054305
2025-09-05 15:32:38.221,-0.6602269184449985
2025-09-05 15:32:38.224,-1.0342460413832786
2025-09-05 15:32:38.228,-1.2996592629985964
2025-09-05 15:32:38.231,-1.7111680439957244
2025-09-05 15:32:38.235,-1.7822694453441408
2025-09-05 15:32:38.238,-2.1304417375739444
2025-09-05 15:32:38.242,-2.105878686439566
2025-09-05 15:32:38.246,-2.3856932310346295
2025-09-05 15:32:38.249,-2.4204215354599676
2025-09-05 15:32:38.253,-2.3650402675850475
2025-09-05 15:32:38.256,-2.280843340735446
2025-09-05 15:32:38.260,-2.182800941572668
2025-09-05 15:32:38.263,-1.8893050181919406
2025-09-05 15:32:38.267,-1.6692887644828156
2025-09-05 15:32:38.270,-1.4445620752933916
2025-09-05 15:32:38.274,-1.2003909472568988
2025-09-05 15:32:38.278,-0.6742196375903226
2025-09-05 15:32:38.281,-0.3578800622798435
2025-09-05 15:32:38.285,-0.030435761215063042
2025-09-05 15:32:38.289,0.2652137182320313
2025-09-05 15:32:38.292,0.742175342761693
2025-09-05 15:32:38.296,0.947159810213562
2025-09-05 15:32:38.299,1.3759539836175316
2025-09-05 15:32:38.303,1.647238096422602
2025-09-05 15:32:38.307,1.8987138612374472
2025-09-05 15:32:38.310,2.0171343680954315
2025-09-05 15:32:38.314,2.2357056791486207
2025-09-05 15:32:38.317,2.340591755332338
2025-09-05 15:32:38.321,2.2968852906023884
2025-09-05 15:32:38.325,2.321526418294296
2025-09-05 15:32:38.328,2.148999670260104
2025-09-05 15:32:38.332,1.9839780557897841
2025-09-05 15:32:38.335,1.845119475787624
2025-09-05 15:32:38.339,1.5737368509698246
2025-09-05 15:32:38.343,1.4466239480123884
2025-09-05 15:32:38.346,1.057567285472797
2025-09-05 15:32:38.350,0.6027977399423661
2025-09-05 15:32:38.353,0.34265633206869917
2025-09-05 15:32:38.357,-0.1047091063821284
2025-09-05 15:32:38.361,-0.41044889544807367
2025-09-05 15:32:38.364,-0.8311537960192462
2025-09-05 15:32:38.368,-1.0219674645900656
2025-09-05 15:32:38.371,-1.3133810464492806
2025-09-05 15:32:38.375,-1.768244696716473
2025-09-05 15:32:38.378,-1.8983860435581221
2025-09-05 15:32:38.382,-2.0359749469655335
2025-09-05 15:32:38.386,-2.231261500288398
2025-09-05 15:32:38.390,-2.3444239808567797
2025-09-05 15:32:38.393,-2.413253299756013
2025-09-05 15:32:38.397,-2.2504062041571187
2025-09-05 15:32:38.400,-2.2019253221303483
2025-09-05 15:32:38.404,-2.0903723412856987
2025-09-05 15:32:38.408,-1.9031550260515553
2025-09-05 15:32:38.411,-1.5058530378701023
2025-09-05 15:32:38.415,-1.3626320326381987
2025-09-05 15:32:38.418,-1.0038136388268846
2025-09-05 15:32:38.422,-0.644026608813373
2025-09-05 15:32:38.426,-0.2399479203426268
2025-09-05 15:32:38.429,0.14876872772397493
2025-09-05 15:32:38.433,0.5102536588491243
2025-09-05 15:32:38.437,0.8353047974360306
2025-09-05 15:32:38.440,1.1682034786797462
2025-09-05 15:32:38.444,1.3687558438476837
2025-09-05 15:32:38.447,1.7149834852424088
2025-09-05 15:32:38.451,2.0058899598958866
2025-09-05 15:32:38.454,2.0554695366876197
2025-09-05 15:32:38.458,2.293297236165843
2025-09-05 15:32:38.462,2.3553884484812735
2025-09-05 15:32:38.465,2.3567091614574105
2025-09-05 15:32:38.469,2.354331239841726
2025-09-05 15:32:38.472,2.155185668107014
2025-09-05 15:32:38.476,2.0019575334542186
2025-09-05 15:32:38.479,1.778021500121503
2025-09-05 15:32:38.483,1.5077637821551089
2025-09-05 15:32:38.486,1.206216013193612
2025-09-05 15:32:38.490,0.8643092330069352
2025-09-05 15:32:38.494,0.6864868175930634
2025-09-05 15:32:38.497,0.29438352685712366
2025-09-05 15:32:38.501,-0.13305870398982184
2025-09-05 15:32:38.504,-0.4989157577246882
2025-09-05 15:32:38.508,-0.8291293693204294
2025-09-05 15:32:38.512,-1.2278409765195986
2025-09-05 15:32:38.516,-1.550398002026543
2025-09-05 15:32:38.519,-1.8671343419339008
2025-09-05 15:32:38.523,-1.9347134771937562
2025-09-05 15:32:38.526,-2.221424219882953
2025-09-05 15:32:38.530,-2.34856348893628
2025-09-05 15:32:38.533,-2.3129796567908483
2025-09-05 15:32:38.537,-2.377594114958213
2025-09-05 15:32:38.541,-2.3261891257026632
2025-09-05 15:32:38.544,-2.044300428147132
2025-09-05 15:32:38.548,-1.932962425952508
2025-09-05 15:32:38.551,-1.8193455785093597
2025-09-05 15:32:38.555,-1.5188326902288527
2025-09-05 15:32:38.558,-1.3110080299517228
2025-09-05 15:32:38.562,-0.7972253926431121
2025-09-05 15:32:38.566,-0.6215524554025161
2025-09-05 15:32:38.569,-0.08060904825442775
2025-09-05 15:32:38.573,0.1857791728092938
2025-09-05 15:32:38.576,0.43708704930545206
2025-09-05 15:32:38.580,0.9878020034528137
2025-09-05 15:32:38.583,1.249168084081654
2025-09-05 15:32:38.587,1.413231920671012
2025-09-05 15:32:38.591,1.7616763096676744
2025-09-05 15:32:38.594,1.9504178483669383
2025-09-05 15:32:38.598,2.137542409979704
2025-09-05 15:32:38.601,2.149639938148541
2025-09-05 15:32:38.605,2.2371379245620036
2025-09-05 15:32:38.608,2.2300270009725627
2025-09-05 15:32:38.612,2.2910127889390637
2025-09-05 15:32:38.616,2.0783277915991896
2025-09-05 15:32:38.619,1.9380803100142592
2025-09-05 15:32:38.623,1.6762038910240473
2025-09-05 15:32:38.642,0.08651652394928314
2025-09-05 15:32:38.645,-0.29130149232488767
2025-09-05 15:32:38.649,-0.5771113847647757
2025-09-05 15:32:38.652,-1.0160726205111146
2025-09-05 15:32:38.656,-1.2159875489527028
2025-09-05 15:32:38.659,-1.6360381682182952
2025-09-05 15:32:38.663,-1.817304034315998
2025-09-05 15:32:38.666,-1.920689283607946
2025-09-05 15:32:38.670,-2.2328210512722375
2025-09-05 15:32:38.673,-2.3129855076160393
2025-09-05 15:32:38.677,-2.382195185370055
2025-09-05 15:32:38.680,-2.19447827113985
2025-09-05 15:32:38.684,-2.156965220213684
2025-09-05 15:32:38.687,-2.1695329801014984
2025-09-05 15:32:38.691,-2.01911857560794
2025-09-05 15:32:38.695,-1.749749579287601
2025-09-05 15:32:38.698,-1.3843753263208838
2025-09-05 15:32:38.702,-1.2592888175978079
2025-09-05 15:32:38.705,-0.7520867264099311
2025-09-05 15:32:38.709,-0.5723939421955415
2025-09-05 15:32:38.712,-0.24937493533509286
2025-09-05 15:32:38.716,0.25527803848403197
2025-09-05 15:32:38.719,0.5187506812583049
2025-09-05 15:32:38.723,0.9615168383084745
2025-09-05 15:32:38.726,1.3026009242652963
2025-09-05 15:32:38.730,1.501033721402029
2025-09-05 15:32:38.733,1.8447979858821821
2025-09-05 15:32:38.737,2.041519558238479
2025-09-05 15:32:38.740,2.1931130068487357
2025-09-05 15:32:38.744,2.138533854704387
2025-09-05 15:32:38.747,2.310855061141271
2025-09-05 15:32:38.751,2.301251645061585
2025-09-05 15:32:38.754,2.2755332126815278
2025-09-05 15:32:38.758,2.243894930677831
2025-09-05 15:32:38.761,1.9818922629388613
2025-09-05 15:32:38.765,1.894266090050313
2025-09-05 15:32:38.768,1.529576067155012
2025-09-05 15:32:38.772,1.3145242291334058
2025-09-05 15:32:38.776,0.8455954345948022
2025-09-05 15:32:38.779,0.7148991880070205
2025-09-05 15:32:38.783,0.2063417910547493
2025-09-05 15:32:38.786,0.0017626814043581185
2025-09-05 15:32:38.790,-0.3746695941121536
2025-09-05 15:32:38.793,-0.8635936431122686
2025-09-05 15:32:38.797,-1.1621196321262524
2025-09-05 15:32:38.800,-1.4340417052568075
2025-09-05 15:32:38.804,-1.6335562510948773
2025-09-05 15:32:38.807,-1.9282740143003276
2025-09-05 15:32:38.811,-2.185393210079113
2025-09-05 15:32:38.814,-2.243877097797111
2025-09-05 15:32:38.818,-2.19120166994949
2025-09-05 15:32:38.822,-2.271702101610707
2025-09-05 15:32:38.826,-2.249290923423701
2025-09-05 15:32:38.829,-2.143270750502782
2025-09-05 15:32:38.833,-1.9627311342377687
2025-09-05 15:32:38.836,-1.7031801325049627
2025-09-05 15:32:38.840,-1.4582381123554111
2025-09-05 15:32:38.843,-1.304298940164546
2025-09-05 15:32:38.847,-0.8555828372643386
2025-09-05 15:32:38.850,-0.709020049497517
2025-09-05 15:32:38.854,-0.2774709346425284
2025-09-05 15:32:38.858,0.01462626759851482
2025-09-05 15:32:38.861,0.38891197283353574
2025-09-05 15:32:38.865,0.8284318640078217
2025-09-05 15:32:38.868,1.1183700426554253
2025-09-05 15:32:38.872,1.4925841825169162
2025-09-05 15:32:38.875,1.7267432839930303
2025-09-05 15:32:38.879,1.9111822386670163
2025-09-05 15:32:38.882,2.058690893507005
2025-09-05 15:32:38.886,2.158955329455972
2025-09-05 15:32:38.889,2.290095051957295
2025-09-05 15:32:38.893,2.246430638060034
2025-09-05 15:32:38.896,2.3256917484271313
2025-09-05 15:32:38.900,2.149916910964518
2025-09-05 15:32:38.903,2.004140187575347
2025-09-05 15:32:38.907,1.8588076293888705
2025-09-05 15:32:38.910,1.7199929933962568
2025-09-05 15:32:38.914,1.3298497179156406
2025-09-05 15:32:38.917,1.0010434599661375
2025-09-05 15:32:38.921,0.7723200839837148
2025-09-05 15:32:38.924,0.3362161483927733
2025-09-05 15:32:38.928,0.009223916384857042
2025-09-05 15:32:38.931,-0.24586093342598078
2025-09-05 15:32:38.935,-0.7241872290903076
2025-09-05 15:32:38.939,-1.0478949893206226
2025-09-05 15:32:38.942,-1.2631100966102022
2025-09-05 15:32:38.946,-1.545841233641597
2025-09-05 15:32:38.949,-1.9178448719791605
2025-09-05 15:32:38.953,-2.0999647994469313
2025-09-05 15:32:38.956,-2.247202610751669
2025-09-05 15:32:38.960,-2.3717936014286174
2025-09-05 15:32:38.963,-2.417579078576568
2025-09-05 15:32:38.967,-2.3752036479797534
2025-09-05 15:32:38.970,-2.260583755079069
2025-09-05 15:32:38.974,-2.109550733920691
2025-09-05 15:32:38.977,-1.9704177555257167
2025-09-05 15:32:38.981,-1.6504206777290742
2025-09-05 15:32:38.984,-1.3928553748652044
2025-09-05 15:32:38.988,-1.1843873370009104
2025-09-05 15:32:38.992,-0.7972256249477885
2025-09-05 15:32:38.995,-0.4130444521706085
2025-09-05 15:32:38.999,-0.06273594630478667
2025-09-05 15:32:39.002,0.29659004923653476
2025-09-05 15:32:39.006,0.6981433003693247
2025-09-05 15:32:39.009,1.0068568821029127
2025-09-05 15:32:39.013,1.363384174998419
2025-09-05 15:32:39.016,1.5571491249034912
2025-09-05 15:32:39.020,1.918302674232241
2025-09-05 15:32:39.023,2.089682179449282
2025-09-05 15:32:39.027,2.1463210740978615
2025-09-05 15:32:39.031,2.197040831419901
2025-09-05 15:32:39.034,2.236072838399266
2025-09-05 15:32:39.038,2.3728878218452953
2025-09-05 15:32:39.041,2.284262936244474
2025-09-05 15:32:39.045,2.0680372609309363
2025-09-05 15:32:39.048,1.860435926699691
2025-09-05 15:32:39.052,1.7957334133552938
2025-09-05 15:32:39.055,1.4555695912957318
2025-09-05 15:32:39.059,1.2559571951533415
2025-09-05 15:32:39.062,0.7375207329075899
2025-09-05 15:32:39.066,0.5873898335588614
2025-09-05 15:32:39.069,0.0992104562319747
2025-09-05 15:32:39.073,-0.19337492364688566
2025-09-05 15:32:39.077,-0.5374570141268533
2025-09-05 15:32:39.080,-0.927607146582206
2025-09-05 15:32:39.084,-1.3586919983773664
2025-09-05 15:32:39.088,-1.5862423491429583
2025-09-05 15:32:39.091,-1.8349759302037916
2025-09-05 15:32:39.095,-2.03615108416594
2025-09-05 15:32:39.098,-2.1860771322992147
2025-09-05 15:32:39.102,-2.303367113178292
2025-09-05 15:32:39.105,-2.308410948721083
2025-09-05 15:32:39.109,-2.362506034029574
2025-09-05 15:32:39.112,-2.3124139446850607
2025-09-05 15:32:39.116,-2.0523727531574805
2025-09-05 15:32:39.119,-1.8796776615246273
2025-09-05 15:32:39.123,-1.7360577475559578
2025-09-05 15:32:39.127,-1.3809178051106503
2025-09-05 15:32:39.130,-1.1367994151858298
2025-09-05 15:32:39.134,-0.9361276774333832
2025-09-05 15:32:39.137,-0.44788823014470236
2025-09-05 15:32:39.141,-0.255192742612687
2025-09-05 15:32:39.144,0.136911595181445
2025-09-05 15:32:39.154,1.0706147244481745
2025-09-05 15:32:39.158,1.4453118544725518
2025-09-05 15:32:39.161,1.6116972806975616
2025-09-05 15:32:39.165,1.8456650763571356
2025-09-05 15:32:39.168,2.138322543053923
2025-09-05 15:32:39.172,2.311062837636538
2025-09-05 15:32:39.176,2.316372207939641
2025-09-05 15:32:39.179,2.3285581051299946
2025-09-05 15:32:39.183,2.186726365965577
2025-09-05 15:32:39.186,2.087201113932558
2025-09-05 15:32:39.190,2.0448547747511205
2025-09-05 15:32:39.193,1.7957388425377003
2025-09-05 15:32:39.197,1.512080292819842
2025-09-05 15:32:39.200,1.243856474579563
2025-09-05 15:32:39.204,0.925815798657008
2025-09-05 15:32:39.207,0.5452223015927478
2025-09-05 15:32:39.211,0.30314922328553867
2025-09-05 15:32:39.214,-0.09989213714105151
2025-09-05 15:32:39.218,-0.42729623618544293
2025-09-05 15:32:39.222,-0.865784204945764
2025-09-05 15:32:39.225,-1.069997764303675
2025-09-05 15:32:39.229,-1.3405738357281904
2025-09-05 15:32:39.232,-1.6137645915448011
2025-09-05 15:32:39.236,-1.9692044069391268
2025-09-05 15:32:39.240,-2.101411658146017
2025-09-05 15:32:39.243,-2.302483929207404
2025-09-05 15:32:39.247,-2.19306189717192
2025-09-05 15:32:39.250,-2.2500412946898463
2025-09-05 15:32:39.254,-2.2435135774891073
2025-09-05 15:32:39.258,-2.240538298407804
2025-09-05 15:32:39.261,-2.0104905184102515
2025-09-05 15:32:39.265,-1.9212941396464875
2025-09-05 15:32:39.268,-1.5408222392045492
2025-09-05 15:32:39.272,-1.3467562432758564
2025-09-05 15:32:39.275,-0.9027071938288982
2025-09-05 15:32:39.279,-0.5422662905791611
2025-09-05 15:32:39.283,-0.27006342942130257
2025-09-05 15:32:39.286,-0.006107810686676957
2025-09-05 15:32:39.290,0.5524521744447957
2025-09-05 15:32:39.293,0.8065740928602808
2025-09-05 15:32:39.297,1.2069345177381372
2025-09-05 15:32:39.301,1.4104687314990387
2025-09-05 15:32:39.306,1.8056657901648367
2025-09-05 15:32:39.309,1.988086555966697
2025-09-05 15:32:39.313,2.218104302135432
2025-09-05 15:32:39.316,2.27793560307295
2025-09-05 15:32:39.320,2.406015797999443
2025-09-05 15:32:39.324,2.403741121486851
2025-09-05 15:32:39.327,2.3030948607091295
2025-09-05 15:32:39.331,2.1500766062710186
2025-09-05 15:32:39.335,1.9528291867063998
2025-09-05 15:32:39.338,1.6572769429272236
2025-09-05 15:32:39.342,1.420542252998663
2025-09-05 15:32:39.345,1.1120267670401536
2025-09-05 15:32:39.349,0.7165580647402144
2025-09-05 15:32:39.353,0.42667881658474166
2025-09-05 15:32:39.356,0.05549588427248986
2025-09-05 15:32:39.360,-0.3596168688294497
2025-09-05 15:32:39.363,-0.7219243383475145
2025-09-05 15:32:39.367,-1.0713932705502502
2025-09-05 15:32:39.371,-1.2762683223527396
2025-09-05 15:32:39.374,-1.6709075014439676
2025-09-05 15:32:39.378,-1.807878210869394
2025-09-05 15:32:39.382,-2.064391307101816
2025-09-05 15:32:39.385,-2.167919158892202
2025-09-05 15:32:39.389,-2.3210458503274505
2025-09-05 15:32:39.393,-2.402271372949011
2025-09-05 15:32:39.396,-2.2454105875467314
2025-09-05 15:32:39.400,-2.2816296546524732
2025-09-05 15:32:39.403,-2.0818051219620384
2025-09-05 15:32:39.407,-1.9024836146292579
2025-09-05 15:32:39.410,-1.5391028465696768
2025-09-05 15:32:39.414,-1.4204185890747754
2025-09-05 15:32:39.417,-0.9754648781890737
2025-09-05 15:32:39.421,-0.8279708032790494
2025-09-05 15:32:39.424,-0.4757730411167757
2025-09-05 15:32:39.428,0.0612253416087068
2025-09-05 15:32:39.431,0.2863349697225488
2025-09-05 15:32:39.435,0.5738756445862366
2025-09-05 15:32:39.438,1.0032203654594658
2025-09-05 15:32:39.442,1.4013494682137209
2025-09-05 15:32:39.445,1.672828907269058
2025-09-05 15:32:39.449,1.823858509285789
2025-09-05 15:32:39.452,2.00838917109607
2025-09-05 15:32:39.456,2.1780260155625255
2025-09-05 15:32:39.459,2.172697180476862
2025-09-05 15:32:39.463,2.3624836981511534
2025-09-05 15:32:39.467,2.2212318824283077
2025-09-05 15:32:39.470,2.1168903901215237
2025-09-05 15:32:39.474,2.0014530389090024
2025-09-05 15:32:39.477,1.918528559658176
2025-09-05 15:32:39.481,1.5937036380124763
2025-09-05 15:32:39.484,1.415625372152086
2025-09-05 15:32:39.488,1.213368519877988
2025-09-05 15:32:39.491,0.8948432746639944
2025-09-05 15:32:39.495,0.4392398127674807
2025-09-05 15:32:39.499,0.08630968164727426
2025-09-05 15:32:39.502,-0.2188294584102423
2025-09-05 15:32:39.506,-0.7003843384908611
2025-09-05 15:32:39.509,-0.9409757042894369
2025-09-05 15:32:39.513,-1.2044962687000251
2025-09-05 15:32:39.517,-1.6294449870413397
2025-09-05 15:32:39.520,-1.785258262037538
2025-09-05 15:32:39.524,-2.054262120417236
2025-09-05 15:32:39.529,-2.15004571229854
2025-09-05 15:32:39.533,-2.400228087926789
2025-09-05 15:32:39.539,-2.251293396240258
2025-09-05 15:32:39.542,-2.2633087562329663
2025-09-05 15:32:39.546,-1.9887863145990228
2025-09-05 15:32:39.550,-1.7719995798714767
2025-09-05 15:32:39.553,-1.6986684808697488
2025-09-05 15:32:39.557,-1.2754205237654295
2025-09-05 15:32:39.561,-0.9268421166389692
2025-09-05 15:32:39.564,-0.7720124529941567
2025-09-05 15:32:39.568,-0.4308020034557313
2025-09-05 15:32:39.571,0.11233064622330932
2025-09-05 15:32:39.575,0.36315626671122103
2025-09-05 15:32:39.578,0.7339566754003821
2025-09-05 15:32:39.582,1.1009650923438472
2025-09-05 15:32:39.585,1.3929911246035096
2025-09-05 15:32:39.589,1.5993229258695743
2025-09-05 15:32:39.592,1.8697936042587324
2025-09-05 15:32:39.596,2.081230292897598
2025-09-05 15:32:39.599,2.1199644369104664
2025-09-05 15:32:39.603,2.3689570071281016
2025-09-05 15:32:39.607,2.373391139816433
2025-09-05 15:32:39.610,2.3939448201393296
2025-09-05 15:32:39.614,2.2526563291334116
2025-09-05 15:32:39.618,2.0219576868138716
2025-09-05 15:32:39.621,1.9099926199228126
2025-09-05 15:32:39.625,1.56433584786384
2025-09-05 15:32:39.628,1.2989076319705526
2025-09-05 15:32:39.632,1.0363572461655106
2025-09-05 15:32:39.635,0.6181811679540389
2025-09-05 15:32:39.639,0.36128634331159776
2025-09-05 15:32:39.642,0.010535999727261276
2025-09-05 15:32:39.646,-0.34994732646733256
2025-09-05 15:32:39.650,-0.6499632028070903
2025-09-05 15:32:39.653,-1.0085769835932907
2025-09-05 15:32:39.657,-1.4208469549767035
2025-09-05 15:32:39.660,-1.737012718484042
2025-09-05 15:32:39.664,-1.803998657160684
2025-09-05 15:32:39.668,-2.1751250907954107
2025-09-05 15:32:39.671,-2.2521224325991156
2025-09-05 15:32:39.675,-2.193510914185925
2025-09-05 15:32:39.678,-2.3968182803327998
2025-09-05 15:32:39.682,-2.3092458239474616
2025-09-05 15:32:39.685,-2.2979707208310547
2025-09-05 15:32:39.689,-2.073519960968452
2025-09-05 15:32:39.693,-1.7976360932105862
2025-09-05 15:32:39.696,-1.5870339180633395
2025-09-05 15:32:39.700,-1.353728728136958
2025-09-05 15:32:39.703,-1.048088656094166
2025-09-05 15:32:39.707,-0.6212633957886939
2025-09-05 15:32:39.710,-0.3356707417637625
2025-09-05 15:32:39.714,0.041845396689426946
2025-09-05 15:32:39.717,0.3578196017769801
2025-09-05 15:32:39.721,0.6916129169757326
2025-09-05 15:32:39.724,0.9886560481572965
2025-09-05 15:32:39.728,1.3451097971711896
2025-09-05 15:32:39.732,1.5244851179422059
2025-09-05 15:32:39.735,1.8357866217572911
2025-09-05 15:32:39.739,2.16488674729825
2025-09-05 15:32:39.742,2.2715332045283985
2025-09-05 15:32:39.746,2.360365628904967
2025-09-05 15:32:39.749,2.3953264985085534
2025-09-05 15:32:39.753,2.396599654512995
2025-09-05 15:32:39.756,2.120917125912977
2025-09-05 15:32:39.760,2.0811546850157066
2025-09-05 15:32:39.763,1.9131034552032211
2025-09-05 15:32:39.767,1.610336376846147
2025-09-05 15:32:39.770,1.2854145619770017
2025-09-05 15:32:39.774,1.0811888402625653
2025-09-05 15:32:39.778,0.8167509277831904
2025-09-05 15:32:39.781,0.4121398775786895
2025-09-05 15:32:39.785,0.08601735058351698
2025-09-05 15:32:39.788,-0.3811694687116175
2025-09-05 15:32:39.792,-0.678487255967332
2025-09-05 15:32:39.795,-1.0470334002823194
2025-09-05 15:32:39.799,-1.3725654241567942
2025-09-05 15:32:39.802,-1.531845961805275
2025-09-05 15:32:39.806,-1.798331157705044
2025-09-05 15:32:39.809,-2.095309216798168
2025-09-05 15:32:39.813,-2.2517621616806616
2025-09-05 15:32:39.816,-2.272728870151764
2025-09-05 15:32:39.820,-2.4033224605509034
2025-09-05 15:32:39.823,-2.3719029509314526
2025-09-05 15:32:39.827,-2.226211840219704
2025-09-05 15:32:39.830,-2.0477710061823573
2025-09-05 15:32:39.834,-1.916135147293203
2025-09-05 15:32:39.838,-1.7246901467150189
2025-09-05 15:32:39.841,-1.5105436852167482
2025-09-05 15:32:39.845,-1.152660371802738
2025-09-05 15:32:39.848,-0.7265715627598
2025-09-05 15:32:39.852,-0.3924929566185341
2025-09-05 15:32:39.855,-0.2117254542524326
2025-09-05 15:32:39.859,0.12990724151170036
2025-09-05 15:32:39.862,0.6751863230729258
2025-09-05 15:32:39.866,0.8061150468398509
2025-09-05 15:32:39.870,1.2989383494571194
2025-09-05 15:32:39.873,1.5054967347557093
2025-09-05 15:32:39.877,1.7551824587750482
2025-09-05 15:32:39.880,1.9494878316656568
2025-09-05 15:32:39.884,2.040787049825763
2025-09-05 15:32:39.887,2.1935081164625885
2025-09-05 15:32:39.891,2.357405237755209
2025-09-05 15:32:39.894,2.2649943157404824
2025-09-05 15:32:39.898,2.273507491678459
2025-09-05 15:32:39.901,2.1411253545945326
2025-09-05 15:32:39.905,2.068022539176763
2025-09-05 15:32:39.908,1.8226282121766368
2025-09-05 15:32:39.922,0.5335084401312216
2025-09-05 15:32:39.932,-0.37697100436735365
2025-09-05 15:32:39.936,-0.8416186141532072
2025-09-05 15:32:39.939,-1.1384394742115356
2025-09-05 15:32:39.943,-1.4235161942725578
2025-09-05 15:32:39.946,-1.7088919957502637
2025-09-05 15:32:39.950,-1.8732955341372886
2025-09-05 15:32:39.954,-2.1185834194548367
2025-09-05 15:32:39.957,-2.1218562418397666
2025-09-05 15:32:39.961,-2.407441641386074
2025-09-05 15:32:39.965,-2.3843003922918493
2025-09-05 15:32:39.968,-2.162036783971029
2025-09-05 15:32:39.972,-2.13717715535794
2025-09-05 15:32:39.976,-2.045055867124968
2025-09-05 15:32:39.979,-1.7984288419126875
2025-09-05 15:32:39.983,-1.6191919789969595
2025-09-05 15:32:39.986,-1.253445813750329
2025-09-05 15:32:39.990,-0.8833545426088125
2025-09-05 15:32:39.994,-0.6146930252259056
2025-09-05 15:32:39.997,-0.19213217172448802
2025-09-05 15:32:40.001,0.09424334463194663
2025-09-05 15:32:40.004,0.5003425737128647
2025-09-05 15:32:40.008,0.9134500320069721
2025-09-05 15:32:40.011,1.1334835844652817
2025-09-05 15:32:40.015,1.496080891418965
2025-09-05 15:32:40.019,1.7326062039476575
2025-09-05 15:32:40.022,1.9084947923004127
2025-09-05 15:32:40.026,2.2032231445721315
2025-09-05 15:32:40.029,2.2582193038351988
2025-09-05 15:32:40.033,2.3241271434698287
2025-09-05 15:32:40.036,2.2254144902285544
2025-09-05 15:32:40.040,2.2169647846730753
2025-09-05 15:32:40.044,2.068347651587965
2025-09-05 15:32:40.047,2.021570247839053
2025-09-05 15:32:40.051,1.7856416672761353
2025-09-05 15:32:40.054,1.5086785111888747
2025-09-05 15:32:40.058,1.2913065252101708
2025-09-05 15:32:40.061,0.9717997595002481
2025-09-05 15:32:40.065,0.6822675430367557
2025-09-05 15:32:40.069,0.181881173995955
2025-09-05 15:32:40.072,-0.19887142909786915
2025-09-05 15:32:40.076,-0.5540969704035177
2025-09-05 15:32:40.079,-0.9401589509984863
2025-09-05 15:32:40.083,-1.1107029044762213
2025-09-05 15:32:40.087,-1.5303552756098706
2025-09-05 15:32:40.090,-1.7149382552661998
2025-09-05 15:32:40.094,-1.8819908023082765
2025-09-05 15:32:40.097,-2.1073055802862055
2025-09-05 15:32:40.101,-2.2429330699884265
2025-09-05 15:32:40.104,-2.40084890314445
2025-09-05 15:32:40.108,-2.3265024751697303
2025-09-05 15:32:40.111,-2.3308654446758035
2025-09-05 15:32:40.115,-2.065197490294792
2025-09-05 15:32:40.118,-1.969490720369464
2025-09-05 15:32:40.122,-1.901384715539554
2025-09-05 15:32:40.125,-1.5086119463211132
2025-09-05 15:32:40.129,-1.2954226250290064
2025-09-05 15:32:40.132,-0.8755160055394645
2025-09-05 15:32:40.136,-0.7432911556866859
2025-09-05 15:32:40.139,-0.23237400557707608
2025-09-05 15:32:40.143,-0.03473928065948906
2025-09-05 15:32:40.147,0.34823349388352254
2025-09-05 15:32:40.150,0.8378963205624587
2025-09-05 15:32:40.154,1.1689626236534603
2025-09-05 15:32:40.157,1.4020757698290554
2025-09-05 15:32:40.161,1.6082790349720781
2025-09-05 15:32:40.164,1.8114661466681148
2025-09-05 15:32:40.168,1.977910256736334
2025-09-05 15:32:40.171,2.2146031096937455
2025-09-05 15:32:40.175,2.370585603728556
2025-09-05 15:32:40.179,2.404137386109004
2025-09-05 15:32:40.182,2.364845683113953
2025-09-05 15:32:40.186,2.1080257599603565
2025-09-05 15:32:40.189,2.073599147410462
2025-09-05 15:32:40.193,1.8580513791283149
2025-09-05 15:32:40.197,1.4849152120371503
2025-09-05 15:32:40.200,1.224130005558335
2025-09-05 15:32:40.204,1.027631480759837
2025-09-05 15:32:40.207,0.6633782846157361
2025-09-05 15:32:40.211,0.30838455670348575
2025-09-05 15:32:40.214,0.042237002222155144
2025-09-05 15:32:40.218,-0.4440538500383139
2025-09-05 15:32:40.221,-0.7758300184625418
2025-09-05 15:32:40.225,-1.0930555959758186
2025-09-05 15:32:40.229,-1.5040486033484235
2025-09-05 15:32:40.232,-1.7754633954110723
2025-09-05 15:32:40.236,-1.8792988426363104
2025-09-05 15:32:40.240,-2.1185429319393854
2025-09-05 15:32:40.243,-2.141228558000274
2025-09-05 15:32:40.247,-2.312965475905047
2025-09-05 15:32:40.251,-2.3553318813767823
2025-09-05 15:32:40.254,-2.3124891491964124
2025-09-05 15:32:40.258,-2.1064129280287243
2025-09-05 15:32:40.261,-1.969631299206101
2025-09-05 15:32:40.265,-1.7509243900713614
2025-09-05 15:32:40.269,-1.589353768570373
2025-09-05 15:32:40.272,-1.2603143816497213
2025-09-05 15:32:40.276,-0.9831807758984819
2025-09-05 15:32:40.279,-0.6610927294622343
2025-09-05 15:32:40.283,-0.19431779073347355
2025-09-05 15:32:40.286,0.12881913807854956
2025-09-05 15:32:40.290,0.40862299187215834
2025-09-05 15:32:40.293,0.8775214926330586
2025-09-05 15:32:40.297,1.2007719750808308
2025-09-05 15:32:40.300,1.4738653847677083
2025-09-05 15:32:40.304,1.62624067206649
2025-09-05 15:32:40.308,1.8800289703941204
2025-09-05 15:32:40.311,2.0495696241602714
2025-09-05 15:32:40.315,2.3256878651923825
2025-09-05 15:32:40.318,2.354745090971185
2025-09-05 15:32:40.322,2.3462943848519253
2025-09-05 15:32:40.325,2.2705808536487706
2025-09-05 15:32:40.329,2.082274001804501
2025-09-05 15:32:40.332,2.134697603879968
2025-09-05 15:32:40.336,1.927609544117778
2025-09-05 15:32:40.339,1.6011113387645264
2025-09-05 15:32:40.343,1.2894792996689148
2025-09-05 15:32:40.346,0.936958861710524
2025-09-05 15:32:40.350,0.7791497551338312
2025-09-05 15:32:40.353,0.22471224463653422
2025-09-05 15:32:40.357,0.025851606611279658
2025-09-05 15:32:40.361,-0.42688785029434256
2025-09-05 15:32:40.364,-0.8330879243117193
2025-09-05 15:32:40.368,-0.9946061062754852
2025-09-05 15:32:40.371,-1.3064176277225503
2025-09-05 15:32:40.375,-1.6591004121562483
2025-09-05 15:32:40.378,-1.7908185672070003
2025-09-05 15:32:40.382,-2.1031748502707575
2025-09-05 15:32:40.386,-2.3105815892018495
2025-09-05 15:32:40.389,-2.3191808805753453
2025-09-05 15:32:40.393,-2.3202158014690926
2025-09-05 15:32:40.396,-2.34473967432177
2025-09-05 15:32:40.400,-2.152524690370172
2025-09-05 15:32:40.403,-2.070821911355489
2025-09-05 15:32:40.407,-1.7767639103902342
2025-09-05 15:32:40.410,-1.7064201743248346
2025-09-05 15:32:40.414,-1.3561221785194533
2025-09-05 15:32:40.417,-1.1309927697717435
2025-09-05 15:32:40.421,-0.7583852984678742
2025-09-05 15:32:40.425,-0.32990442151088406
2025-09-05 15:32:40.428,0.07599455648179756
2025-09-05 15:32:40.432,0.42431853041866274
2025-09-05 15:32:40.435,0.7072944157542774
2025-09-05 15:32:40.439,1.0976056972776493
2025-09-05 15:32:40.442,1.3830926526707372
2025-09-05 15:32:40.446,1.7167120309970323
2025-09-05 15:32:40.449,1.777060347741124
2025-09-05 15:32:40.453,2.0041323144378094
2025-09-05 15:32:40.456,2.184619233919937
2025-09-05 15:32:40.460,2.344654021948221
2025-09-05 15:32:40.464,2.345794983324356
2025-09-05 15:32:40.468,2.209174799355279
2025-09-05 15:32:40.471,2.198717511314089
2025-09-05 15:32:40.475,2.0883073629009257
2025-09-05 15:32:40.478,1.963756327278449
2025-09-05 15:32:40.482,1.7040842053439746
2025-09-05 15:32:40.485,1.2710008656753395
2025-09-05 15:32:40.489,1.1645367620928997
2025-09-05 15:32:40.492,0.6410564145621597
2025-09-05 15:32:40.496,0.3012735123385085
2025-09-05 15:32:40.499,0.023001601686218138
2025-09-05 15:32:40.503,-0.290773148186797
2025-09-05 15:32:40.507,-0.6866332167423536
2025-09-05 15:32:40.510,-1.0028237479027315
2025-09-05 15:32:40.514,-1.4514416552154255
2025-09-05 15:32:40.517,-1.5693088175727432
2025-09-05 15:32:40.521,-1.9114984882532928
2025-09-05 15:32:40.525,-2.1169428281888685
2025-09-05 15:32:40.528,-2.3079068598605486
2025-09-05 15:32:40.532,-2.3390501494181484
2025-09-05 15:32:40.535,-2.380347655921928
2025-09-05 15:32:40.539,-2.2745786429343666
2025-09-05 15:32:40.543,-2.1314866175974783
2025-09-05 15:32:40.546,-2.0767070738246756
2025-09-05 15:32:40.550,-1.7444792532336268
2025-09-05 15:32:40.553,-1.506047380076874
2025-09-05 15:32:40.557,-1.4270671776260415
2025-09-05 15:32:40.561,-1.0945400341677676
2025-09-05 15:32:40.564,-0.6173285407065285
2025-09-05 15:32:40.568,-0.4040851534878871
2025-09-05 15:32:40.571,-0.015938027717612234
2025-09-05 15:32:40.575,0.48151569290686724
2025-09-05 15:32:40.579,0.7938069065725905
2025-09-05 15:32:40.582,1.151635381912056
2025-09-05 15:32:40.586,1.3303635495816664
2025-09-05 15:32:40.590,1.5999965828724596
2025-09-05 15:32:40.593,1.9645644788108523
2025-09-05 15:32:40.597,2.1351499539742322
2025-09-05 15:32:40.600,2.166555649280683
2025-09-05 15:32:40.604,2.4053827375274754
2025-09-05 15:32:40.608,2.234529402464232
2025-09-05 15:32:40.611,2.163899878208854
2025-09-05 15:32:40.615,2.1419069943609017
2025-09-05 15:32:40.618,2.0894070150572968
2025-09-05 15:32:40.622,1.7042032044475453
2025-09-05 15:32:40.626,1.5472158345386626
2025-09-05 15:32:40.629,1.3437488049055488
2025-09-05 15:32:40.633,0.8723851280432464
2025-09-05 15:32:40.636,0.5368619497238238
2025-09-05 15:32:40.640,0.2628367400227543
2025-09-05 15:32:40.644,-0.14042328226647574
2025-09-05 15:32:40.647,-0.3907881819457446
2025-09-05 15:32:40.651,-0.939420347947968
2025-09-05 15:32:40.654,-1.2097510418967197
2025-09-05 15:32:40.658,-1.5526753388613466
2025-09-05 15:32:40.662,-1.65878298457209
2025-09-05 15:32:40.665,-2.0517637002446962
2025-09-05 15:32:40.669,-2.110974356539422
2025-09-05 15:32:40.672,-2.328102112815171
2025-09-05 15:32:40.676,-2.4005915346479654
2025-09-05 15:32:40.679,-2.228279598805405
2025-09-05 15:32:40.683,-2.242190753447691
2025-09-05 15:32:40.686,-2.1551855494234333
2025-09-05 15:32:40.690,-2.108530168943055
2025-09-05 15:32:40.693,-1.8267187453166578
2025-09-05 15:32:40.697,-1.6357481922595383
2025-09-05 15:32:40.700,-1.1943860282405083
2025-09-05 15:32:40.704,-1.0750423108270868
2025-09-05 15:32:40.707,-0.7049804032070905
2025-09-05 15:32:40.711,-0.31594662196055556
2025-09-05 15:32:40.715,-0.0334556929794054
2025-09-05 15:32:40.718,0.44067111258466085
2025-09-05 15:32:40.722,0.761386889597798
2025-09-05 15:32:40.725,1.1890203513761401
2025-09-05 15:32:40.729,1.3205949499791396
2025-09-05 15:32:40.732,1.5777196881073605
2025-09-05 15:32:40.736,1.9439560435976908
2025-09-05 15:32:40.739,2.036638781176788
2025-09-05 15:32:40.743,2.162799433163003
2025-09-05 15:32:40.746,2.2702195533811085
2025-09-05 15:32:40.750,2.3355816989345195
2025-09-05 15:32:40.753,2.2606560901534
2025-09-05 15:32:40.757,2.157376925820791
2025-09-05 15:32:40.760,2.010079439194305
2025-09-05 15:32:40.764,1.930452870727115
2025-09-05 15:32:40.767,1.6769638363429278
2025-09-05 15:32:40.771,1.3671856305884935
2025-09-05 15:32:40.775,0.9349302068126846
2025-09-05 15:32:40.778,0.6227457925669637
2025-09-05 15:32:40.782,0.41976232653493517
2025-09-05 15:32:40.785,-0.032824714761575315
2025-09-05 15:32:40.789,-0.4485863500716069
2025-09-05 15:32:40.792,-0.6042308611451108
2025-09-05 15:32:40.796,-1.022769065431941
2025-09-05 15:32:40.799,-1.4396361723591593
2025-09-05 15:32:40.803,-1.5543668083984048
2025-09-05 15:32:40.806,-1.8012627780563912
2025-09-05 15:32:40.810,-2.131582051335201
2025-09-05 15:32:40.814,-2.1934523661191228
2025-09-05 15:32:40.817,-2.3038644988646504
2025-09-05 15:32:40.821,-2.394598631839746
2025-09-05 15:32:40.825,-2.1991198143915733
2025-09-05 15:32:40.828,-2.2056334150473416
2025-09-05 15:32:40.832,-2.0951164152798607
2025-09-05 15:32:40.835,-1.8588280167948321
2025-09-05 15:32:40.839,-1.5880496320400224
2025-09-05 15:32:40.842,-1.3440519311504797
2025-09-05 15:32:40.846,-0.9411054044144356
2025-09-05 15:32:40.850,-0.7081784171476874
2025-09-05 15:32:40.853,-0.412070596482981
2025-09-05 15:32:40.857,0.10617023937455757
2025-09-05 15:32:40.860,0.3402244320131046
2025-09-05 15:32:40.864,0.7116524578469989
2025-09-05 15:32:40.868,1.1405282373438528
2025-09-05 15:32:40.871,1.3194114236503214
2025-09-05 15:32:40.875,1.590707316067913
2025-09-05 15:32:40.878,1.930932905585939
2025-09-05 15:32:40.882,1.9870866787306394
2025-09-05 15:32:40.885,2.2487349131829824
2025-09-05 15:32:40.889,2.177385129639415
2025-09-05 15:32:40.892,2.2209440523199278
2025-09-05 15:32:40.896,2.309220836120515
2025-09-05 15:32:40.899,2.222836291288126
2025-09-05 15:32:40.903,2.173081611626779
2025-09-05 15:32:40.906,1.783073354645813
2025-09-05 15:32:40.910,1.5731121076284953
2025-09-05 15:32:40.913,1.437965184947187
2025-09-05 15:32:40.917,1.1384122342916942
2025-09-05 15:32:40.920,0.6728274309034216
2025-09-05 15:32:40.924,0.3649807947521824
2025-09-05 15:32:40.928,0.11978099105390747
2025-09-05 15:32:40.931,-0.31367556888848735
2025-09-05 15:32:40.935,-0.5722934779798153
2025-09-05 15:32:40.938,-1.0058804045477672
2025-09-05 15:32:40.942,-1.3543887855238386
2025-09-05 15:32:40.945,-1.6488073137562873
2025-09-05 15:32:40.949,-1.8385394166377926
2025-09-05 15:32:40.953,-2.1091035142438055
2025-09-05 15:32:40.957,-2.24609676668073
2025-09-05 15:32:40.960,-2.2111540099409472
2025-09-05 15:32:40.964,-2.2684317652377772
2025-09-05 15:32:40.967,-2.204293774721388
2025-09-05 15:32:40.971,-2.1805434902775023
2025-09-05 15:32:40.975,-2.0301097880461962
2025-09-05 15:32:40.978,-1.8965840296324754
2025-09-05 15:32:40.982,-1.6298988744511458
2025-09-05 15:32:40.985,-1.274860024541709
2025-09-05 15:32:40.989,-1.1101186003261874
2025-09-05 15:32:40.993,-0.7214907130999533
2025-09-05 15:32:40.996,-0.2349223548755221
2025-09-05 15:32:41.000,-0.06875488290627614
2025-09-05 15:32:41.003,0.3779032530988793
2025-09-05 15:32:41.007,0.8501092652622265
2025-09-05 15:32:41.011,1.133754852438417
2025-09-05 15:32:41.014,1.3042249278765177
2025-09-05 15:32:41.018,1.6757439467171207
2025-09-05 15:32:41.021,1.9706156854474746
2025-09-05 15:32:41.025,2.0282860382638197
2025-09-05 15:32:41.028,2.136207096747476
2025-09-05 15:32:41.032,2.299537489784025
2025-09-05 15:32:41.035,2.253041804785402
2025-09-05 15:32:41.039,2.1953395899481967
2025-09-05 15:32:41.042,2.246922217327632
2025-09-05 15:32:41.046,2.05392228179903
2025-09-05 15:32:41.049,1.7667534473791786
2025-09-05 15:32:41.053,1.6099742403286856
2025-09-05 15:32:41.057,1.2613918034480922
2025-09-05 15:32:41.060,0.9425708118352558
